10
139
140
146
147
148
150
151
153
154
159
161
162
165
166
167
168
171
172
174
176
178
179
181
183
186
187
188
191
193
194
197
199
200
202
203
205
206
209
210
211
212
213
214
216
218
223
225
226
228
229
230
231
233
234
235
237
238
239
240
241
244
245
246
247
248
249
250
251
252
254
255
260
261
263
264
265
267
268
269
270
271
272
273
275
276
277
279
280
281
282
284
363
367
368
369
371
372
373
374
375
376
377
379
380
381
382
383
384
385
386
387
389
390
391
392
393
394
395
397
398
399
400
401
403
406
407
408
409
410
411
412
413
414
416
417
418
420
421
422
423
425
426
427
428
429
430
431
432
433
434
436
437
438
439
440
441
442
443
444
445
447
448
449
450
451
452
453
455
456
457
458
459
460
461
462
463
464
465
466
467
468
469
470
477
479
483
487
492
506
511
512
514
524
532
545
546
547
565
569
580
581
582
583
584
585
586
587
588
595
731
732
764
768
769
770
771
772
773
774
775
776
777
778
779
780
781
782
783
784
785
786
787
788
789
790
791
792
793
794
795
796
797
798
799
800
801
802
803
804
805
806
807
808
809
810
811
812
813
814
815
816
817
818
819
820
821
822
823
824
825
826
827
828
829
830
831
832
833
834
835
836
837
838
839
840
841
842
843
844
845
846
847
848
849
850
851
852
853
854
855
856
857
858
859
860
861
862
864
865
866
867
868
869
870
871
872
873
874
875
876
877
878
879
880
881
882
883
884
885
886
887
888
889
890
891
892
893
894
895
896
897
898
899
900
901
902
903
904
905
906
907
908
909
910
911
912
913
914
915
916
917
918
919
920
921
922
923
924
925
926
927
928
929
930
931
932
933
934
935
936
937
938
939
940
941
942
943
944
945
946
947
948
954
955
958
959
960
961
962
963
964
965
966
967
968
969
970
971
972
975
978
979
980
981
985
986
987
988
989
990
991
992
993
994
995
1015
1016
1017
1018
1019
1020
1021
1022
1023
1024
1025
1026
1027
1028
1029
1030
1031
1032
1033
1034
1035
1036
1037
1038
1039
1040
1041
1042
1043
1044
1045
1046
1047
1048
1049
1050
1051
1052
1053
1054
1055
1056
1057
1058
1059
1060
1061
1062
1063
1064
1065
1066
1067
1068
1069
1070
1071
1072
1073
1074
1075
1076
1077
1078
1079
1080
1081
1082
1083
1086
1087
1088
1089
1090
1091
1092
1093
1094
1095
1096
1097
1098
1099
1100
1101
1102
1103
1104
1111
1112
1113
1114
1115
1116
1117
1118
1119
1120
1121
1122
1123
1124
1125
1126
1127
1128
1129
1130
1131
1132
1133
1134
1135
1136
1137
1138
1139
1140
1141
1142
1143
1144
1145
1146
1147
1148
1149
1154
1155
1156
1157
1158
1159
1160
1161
1162
1164
1165
1166
1167
1168
1169
1170
1171
1172
1173
1174
1175
1176
1177
1178
1179
1180
1181
1182
1183
1184
1185
1186
1187
1188
1189
1190
1191
1192
1193
1194
1195
1196
1197
1198
1199
1202
1203
1204
1205
1206
1207
1208
1209
1210
1211
1212
1213
1214
1215
1216
1217
1218
1219
1220
1221
1222
1223
1224
1225
1226
1229
1230
1231
1232
1233
1234
1235
1236
1237
1238
1239
1240
1241
1242
1243
1244
1245
1246
1247
1248
1249
1250
1251
1252
1253
1254
1255
1256
1257
1258
1259
1260
1261
1262
1263
1264
1265
1266
1267
1268
1269
1270
1271
1272
1273
1274
1275
1276
1277
1278
1279
1280
1281
1282
1283
1284
1285
1286
1287
1288
1289
1290
1292
1294
1295
1296
1298
1299
1300
1301
1302
1303
1304
1305
1306
1307
1308
1309
1310
1311
1312
1313
1314
1315
1316
1317
1318
1319
1320
1321
1322
1323
1326
1327
1328
1330
1332
1333
1334
1336
1337
1338
1339
1343
1344
1345
1346
1347
1348
1349
1351
1352
1353
1354
1355
1356
1357
1781
1783
1784
1789
1803
1805
1819
1863
1882
1884
1893
1933
1935
1938
1940
1941
1942
1956
1964
1978
1986
1990
2002
2023
2024
2026
2042
2044
2045
2046
2047
2164
2166
2167
2168
2169
2171
2172
2173
2174
2175
2176
2177
2178
2181
2182
2183
2185
2186
2187
2189
2190
2191
2193
2197
2198
2200
2201
2202
2203
2204
2205
2206
2207
2208
2210
2211
2213
2214
2215
2216
2217
2218
2219
2220
2221
2222
2223
2224
2225
2226
2228
2229
2230
2231
2232
2233
2234
2236
2238
2241
2242
2243
2244
2245
2246
2247
2248
2249
2250
2251
2252
2253
2254
2255
2256
2257
2258
2259
2260
2261
2262
2263
2264
2265
2266
2267
2269
2270
2271
2272
2273
2274
2275
2278
2279
2282
2284
2285
2286
2288
2289
2290
2291
2292
2293
2294
2295
2296
2298
2299
2300
2301
2302
2303
2304
2305
2306
2307
2308
2309
2310
2311
2312
2313
2314
2316
2317
2318
2319
2320
2321
2322
2323
2324
2325
2326
2327
2328
2329
2330
2331
2332
2333
2334
2335
2336
2337
2339
2340
2342
2343
2345
2346
2347
2348
2349
2350
2351
2352
2353
2355
2358
2359
2360
2361
2362
2363
2364
2365
2366
2367
2369
2370
2371
2372
2373
2374
2375
2376
2377
2378
2379
2380
2381
2382
2383
2384
2385
2386
2387
2389
2390
2392
2394
2395
2396
2397
2398
2400
2401
2402
2403
2404
2405
2406
2407
2408
2409
2410
2411
2412
2413
2414
2415
2416
2417
2418
2419
2420
2421
2422
2424
2426
2428
2431
2436
2440
2444
2446
2448
2450
2452
2454
2455
2457
2459
2461
2464
2466
2468
2473
2475
2478
2480
2492
2496
2502
2513
2515
2516
2517
2518
2519
2521
2522
2523
2525
2526
2527
2529
2536
2537
2538
2539
2540
2541
2548
2549
2550
2551
2552
2553
2554
2555
2556
2557
2558
2559
2560
2561
2562
2563
2564
2565
2566
2567
2568
2569
2570
2576
2579
2581
2584
2596
2601
2604
2605
2606
2615
2616
2617
2618
2619
2655
2658
2659
2660
2661
2662
2668
2669
2670
2671
2672
2673
2675
2681
2682
2683
2684
2685
2686
2687
2688
2663
2664
2665
2666
2667
2674
2676
2677
2679
2680
2689
2678
2656
2620
2727
2728
2729
2730
2725
2734
2735
2736
2737
2738
2739
2740
2741
2722
2733
2743
2744
2745
2746
2732
2747
2748
2749
2750
2731
2754
2755
2756
2757
2758
2759
2760
2742
2752
2753
2767
2768
2769
2770
2771
2761
2762
2763
2764
2765
2657
2723
2724
2781
2726
2772
2773
2774
2775
2776
2777
2778
2779
2782
2783
2784
2786
2780
2785
2789
2790
2791
2792
2793
2794
2795
2796
2797
2798
2799
2800
2801
2802
2803
2804
2766
2787
2788
2806
2807
2805
2810
2811
2815
2817
2818
2819
2820
2816
2821
2822
2823
2824
2825
2826
2827
2828
2829
2862
2813
2863
2864
2808
2809
2865
2866
2867
2868
2869
2872
2873
2879
2886
2887
2888
2889
2891
2884
2885
2892
2893
2894
2895
2896
2897
2898
2899
2877
2870
2901
2902
2903
2904
2883
2890
2905
2906
2907
2908
2909
2910
2911
2912
2945
2900
2947
2948
2949
2875
2946
2950
2951
2952
2953
2954
2955
2956
2957
2958
2959
2960
2962
2963
2968
2969
2970
2971
2972
2973
2974
2975
2976
2977
2981
2982
2983
2985
2986
2987
2988
2966
2999
3001
3002
3005
3006
3007
3008
3009
3010
3011
3012
3022
3023
3024
3025
3026
3037
3038
3039
3040
3041
3042
2979
2990
2991
2992
3003
3013
3043
3044
3045
3056
3057
3058
3059
3060
3067
3069
3070
2871
3016
3030
3031
3034
3035
3036
3068
3071
3061
3028
3072
3073
3074
3075
3076
3077
3078
3080
3081
3029
2878
3027
3051
3052
3053
3054
3055
3062
3063
3064
3065
3095
3096
3097
3098
3083
3084
3085
3086
3087
3088
3089
3090
3091
3092
3093
3099
3100
3101
3102
3103
3104
3139
3082
3094
3140
2967
3032
3033
3066
3142
3143
3144
3145
3148
3149
3151
3152
3153
3154
3155
3156
3157
3158
3159
3160
3161
3162
3163
3164
3165
3166
3167
3168
3169
3170
3171
3172
3173
3174
3175
3046
